              precision    recall  f1-score   support

           0     0.2490    0.1852    0.2124       324
           1     0.5263    0.5469    0.5364       384
           2     0.2060    0.1908    0.1982       393
           3     0.3028    0.5378    0.3874       344
           4     0.1918    0.2977    0.2333       346
           5     0.5038    0.5104    0.5071       386
           6     0.0625    0.0027    0.0052       366
           7     0.3422    0.2861    0.3116       360
           8     0.2913    0.5673    0.3849       342
           9     0.3042    0.2199    0.2552       332
          10     0.2172    0.2708    0.2411       373
          11     0.8434    0.4094    0.5512       342
          12     0.3579    0.2580    0.2998       376

    accuracy                         0.3297      4668
   macro avg     0.3383    0.3294    0.3172      4668
weighted avg     0.3384    0.3297    0.3179      4668
